3 0.661058 0.060096 0.048077 0.100962
3 0.665865 0.137019 0.048077 0.100962
3 0.680288 0.225962 0.048077 0.100962
3 0.518029 0.296875 0.040865 0.108173
3 0.698317 0.395433 0.040865 0.108173
3 0.707933 0.503606 0.040865 0.108173
3 0.616587 0.614183 0.050481 0.108173
3 0.643029 0.736779 0.050481 0.108173
9 0.283654 0.056490 0.043269 0.103365
9 0.430288 0.133413 0.043269 0.103365
9 0.281250 0.222356 0.043269 0.103365
9 0.271635 0.311298 0.043269 0.103365
9 0.266827 0.506010 0.043269 0.103365
9 0.271635 0.405048 0.043269 0.103365
9 0.264423 0.609375 0.043269 0.103365
9 0.451923 0.731971 0.043269 0.103365
5 0.747596 0.062500 0.043269 0.110577
5 0.838942 0.729567 0.057692 0.122596
0 0.758413 0.200721 0.040865 0.132212
2 0.447115 0.390625 0.057692 0.137019
0 0.715144 0.615385 0.060096 0.139423
4 0.786058 0.299279 0.062500 0.161058
1 0.792067 0.372596 0.074519 0.201923
2 0.590144 0.132212 0.055288 0.139423
11 0.207933 0.056490 0.060096 0.108173
11 0.256010 0.742788 0.079327 0.139423
6 0.193510 0.203125 0.055288 0.137019
6 0.163462 0.484375 0.067308 0.146635
8 0.365385 0.199519 0.048077 0.129808
8 0.162260 0.600962 0.084135 0.144231
10 0.186298 0.281250 0.060096 0.163462
7 0.171875 0.365385 0.079327 0.187500
