3 0.421875 0.183894 0.050481 0.122596
3 0.683894 0.337740 0.050481 0.122596
3 0.606971 0.539663 0.050481 0.122596
3 0.542067 0.659856 0.050481 0.122596
9 0.274038 0.169471 0.057692 0.117788
9 0.254808 0.332933 0.057692 0.117788
9 0.257212 0.438702 0.057692 0.117788
9 0.360577 0.561298 0.057692 0.117788
5 0.573317 0.079327 0.055288 0.125000
5 0.514423 0.346154 0.057692 0.125000
0 0.515625 0.237981 0.064904 0.158654
2 0.359375 0.435096 0.064904 0.144231
2 0.242788 0.644231 0.100962 0.163462
1 0.772837 0.313702 0.074519 0.228365
11 0.191106 0.084135 0.060096 0.110577
6 0.185096 0.152644 0.057692 0.141827
8 0.235577 0.794471 0.081731 0.161058
10 0.348558 0.159856 0.076923 0.194712
7 0.164663 0.317308 0.084135 0.230769
