3 0.528846 0.064904 0.043269 0.105769
3 0.667067 0.140625 0.036058 0.103365
3 0.686298 0.224760 0.040865 0.098558
3 0.703125 0.401442 0.040865 0.110577
3 0.631010 0.508413 0.045673 0.112981
3 0.520433 0.296875 0.045673 0.098558
9 0.290865 0.058894 0.048077 0.103365
9 0.288462 0.215144 0.052885 0.108173
9 0.444712 0.299279 0.052885 0.108173
9 0.266827 0.614183 0.048077 0.122596
9 0.453125 0.735577 0.050481 0.105769
4 0.606971 0.289663 0.069712 0.170673
1 0.800481 0.365385 0.057692 0.187500
2 0.447115 0.393029 0.062500 0.127404
5 0.844952 0.728365 0.074519 0.139423
11 0.200721 0.054087 0.074519 0.103365
11 0.265625 0.752404 0.084135 0.153846
8 0.510817 0.137019 0.069712 0.139423
8 0.167067 0.602163 0.069712 0.146635
7 0.170673 0.367788 0.091346 0.216346
10 0.364183 0.298077 0.064904 0.192308
6 0.448317 0.598558 0.069712 0.149038
