11 0.195913 0.088942 0.050481 0.110577
11 0.346154 0.775240 0.062500 0.127404
9 0.413462 0.088942 0.043269 0.096154
9 0.272837 0.158654 0.045673 0.091346
9 0.419471 0.243990 0.040865 0.103365
9 0.260817 0.338942 0.045673 0.105769
9 0.260817 0.435096 0.055288 0.105769
9 0.432692 0.556490 0.048077 0.098558
9 0.247596 0.667067 0.048077 0.108173
9 0.448317 0.787260 0.055288 0.103365
3 0.507212 0.090144 0.038462 0.098558
3 0.578125 0.175481 0.045673 0.096154
3 0.514423 0.262019 0.043269 0.091346
3 0.532452 0.444712 0.036058 0.096154
3 0.600962 0.544471 0.043269 0.098558
3 0.544471 0.667067 0.045673 0.098558
3 0.742788 0.783654 0.052885 0.100962
3 0.685096 0.342548 0.043269 0.098558
5 0.848558 0.786058 0.072115 0.129808
5 0.733173 0.085337 0.048077 0.108173
6 0.188702 0.150240 0.050481 0.132212
6 0.144231 0.665865 0.062500 0.139423
0 0.740385 0.156250 0.048077 0.125000
8 0.163462 0.544471 0.062500 0.127404
8 0.350962 0.328125 0.048077 0.127404
2 0.606971 0.337740 0.045673 0.127404
2 0.816106 0.544471 0.069712 0.122596
10 0.275240 0.224760 0.055288 0.156250
7 0.167067 0.407452 0.074519 0.189904
1 0.770433 0.301683 0.069712 0.189904
4 0.707933 0.414663 0.069712 0.165865
