3 0.521635 0.067308 0.048077 0.100962
3 0.668269 0.137019 0.048077 0.100962
3 0.679087 0.231971 0.045673 0.098558
3 0.510817 0.294471 0.045673 0.098558
3 0.616587 0.618990 0.045673 0.098558
3 0.700721 0.397837 0.045673 0.098558
3 0.707933 0.503606 0.045673 0.098558
3 0.643029 0.734375 0.045673 0.098558
9 0.281250 0.058894 0.043269 0.093750
9 0.430288 0.140625 0.043269 0.093750
9 0.281250 0.222356 0.043269 0.093750
9 0.437500 0.296875 0.043269 0.093750
9 0.277644 0.406250 0.050481 0.100962
9 0.260817 0.507212 0.050481 0.100962
9 0.256010 0.617788 0.050481 0.100962
9 0.453125 0.735577 0.050481 0.100962
5 0.591346 0.062500 0.057692 0.110577
5 0.834135 0.734375 0.081731 0.141827
2 0.596154 0.132212 0.052885 0.120192
2 0.444712 0.394231 0.048077 0.125000
0 0.534856 0.491587 0.055288 0.117788
0 0.713942 0.614183 0.062500 0.137019
4 0.602163 0.289663 0.055288 0.180288
1 0.795673 0.366587 0.072115 0.185096
11 0.207933 0.060096 0.055288 0.115385
11 0.251202 0.743990 0.084135 0.132212
6 0.365385 0.060096 0.057692 0.115385
6 0.165865 0.489183 0.076923 0.146635
8 0.367788 0.195913 0.057692 0.137019
8 0.163462 0.604567 0.057692 0.141827
10 0.192308 0.278846 0.096154 0.168269
7 0.173077 0.367788 0.086538 0.206731
