3 0.663462 0.057692 0.048077 0.100962
3 0.665865 0.141827 0.048077 0.100962
3 0.677885 0.221154 0.048077 0.100962
3 0.687500 0.310096 0.048077 0.100962
3 0.699519 0.401442 0.048077 0.100962
3 0.713942 0.507212 0.048077 0.100962
3 0.723558 0.615385 0.048077 0.100962
3 0.740385 0.737981 0.048077 0.100962
9 0.283654 0.055288 0.057692 0.100962
9 0.281250 0.134615 0.057692 0.100962
9 0.281250 0.223558 0.057692 0.100962
9 0.281250 0.317308 0.057692 0.100962
9 0.271635 0.411058 0.057692 0.100962
9 0.266827 0.514423 0.057692 0.100962
9 0.266827 0.612981 0.057692 0.100962
9 0.254808 0.735577 0.057692 0.100962
11 0.206731 0.052885 0.057692 0.100962
11 0.141827 0.750000 0.067308 0.120192
8 0.200721 0.126202 0.074519 0.137019
8 0.155048 0.622596 0.084135 0.129808
6 0.194712 0.201923 0.067308 0.134615
6 0.163462 0.487981 0.072115 0.134615
10 0.186298 0.281250 0.069712 0.173077
7 0.180288 0.368990 0.067308 0.175481
