3 0.591346 0.344952 0.052885 0.108173
3 0.423077 0.542067 0.052885 0.108173
3 0.540865 0.657452 0.052885 0.108173
9 0.272837 0.170673 0.055288 0.105769
9 0.258413 0.331731 0.055288 0.105769
9 0.349760 0.562500 0.055288 0.105769
5 0.276442 0.070913 0.067308 0.117788
2 0.247596 0.637019 0.067308 0.144231
1 0.771635 0.300481 0.067308 0.211538
11 0.430288 0.340144 0.067308 0.137019
6 0.444712 0.430288 0.062500 0.149038
8 0.448317 0.652644 0.064904 0.146635
10 0.348558 0.149038 0.062500 0.163462
7 0.163462 0.312500 0.081731 0.211538
