9 0.272837 0.167067 0.045673 0.098558
9 0.258413 0.340144 0.040865 0.103365
9 0.354567 0.554087 0.055288 0.112981
3 0.590144 0.341346 0.045673 0.105769
3 0.609375 0.543269 0.045673 0.110577
3 0.546875 0.667067 0.064904 0.098558
5 0.270433 0.066106 0.055288 0.108173
2 0.245192 0.640625 0.057692 0.137019
10 0.350962 0.147837 0.038462 0.165865
7 0.162260 0.308894 0.069712 0.185096
11 0.438702 0.338942 0.055288 0.120192
6 0.442308 0.429087 0.048077 0.137019
8 0.455529 0.652644 0.045673 0.146635
1 0.774038 0.305288 0.057692 0.197115
