3 0.522837 0.066106 0.050481 0.108173
3 0.669471 0.138221 0.050481 0.108173
3 0.679087 0.236779 0.050481 0.108173
3 0.522837 0.301683 0.050481 0.108173
3 0.705529 0.397837 0.050481 0.108173
3 0.712740 0.503606 0.050481 0.108173
3 0.618990 0.614183 0.050481 0.108173
3 0.645433 0.739183 0.050481 0.108173
9 0.286058 0.057692 0.048077 0.100962
9 0.430288 0.139423 0.048077 0.100962
9 0.283654 0.221154 0.048077 0.100962
9 0.437500 0.300481 0.048077 0.100962
9 0.271635 0.408654 0.048077 0.100962
9 0.262019 0.512019 0.048077 0.100962
9 0.262019 0.608173 0.048077 0.100962
9 0.447115 0.733173 0.048077 0.100962
5 0.586538 0.063702 0.043269 0.098558
5 0.835337 0.737981 0.069712 0.125000
2 0.597356 0.133413 0.045673 0.122596
2 0.443510 0.396635 0.060096 0.139423
0 0.762019 0.216346 0.043269 0.144231
0 0.716346 0.615385 0.076923 0.139423
4 0.598558 0.294471 0.062500 0.161058
1 0.787260 0.378606 0.074519 0.204327
11 0.207933 0.051683 0.064904 0.098558
11 0.258413 0.741587 0.079327 0.122596
6 0.361779 0.058894 0.055288 0.112981
6 0.159856 0.490385 0.074519 0.134615
8 0.366587 0.203125 0.045673 0.137019
8 0.170673 0.608173 0.062500 0.134615
10 0.186298 0.278846 0.074519 0.168269
7 0.175481 0.362981 0.067308 0.201923
