3 0.521635 0.069712 0.052885 0.105769
3 0.663462 0.139423 0.052885 0.105769
3 0.677885 0.235577 0.052885 0.105769
3 0.516827 0.300481 0.052885 0.105769
3 0.625000 0.500000 0.052885 0.105769
3 0.697115 0.408654 0.052885 0.105769
9 0.286058 0.061298 0.057692 0.103365
9 0.283654 0.212740 0.057692 0.103365
9 0.430288 0.299279 0.057692 0.103365
9 0.257212 0.609375 0.057692 0.103365
9 0.454327 0.734375 0.057692 0.103365
5 0.836538 0.733173 0.091346 0.139423
2 0.445913 0.399038 0.064904 0.149038
4 0.599760 0.292067 0.050481 0.185096
1 0.811298 0.491587 0.093750 0.194712
11 0.204327 0.060096 0.076923 0.115385
11 0.260817 0.742788 0.093750 0.120192
8 0.512019 0.145433 0.062500 0.137019
8 0.170673 0.599760 0.062500 0.137019
6 0.448317 0.599760 0.064904 0.137019
10 0.361779 0.300481 0.069712 0.187500
7 0.269231 0.378606 0.096154 0.213942
