3 0.513221 0.088942 0.045673 0.105769
3 0.579327 0.174279 0.057692 0.098558
3 0.514423 0.270433 0.048077 0.108173
3 0.687500 0.335337 0.048077 0.084135
3 0.542067 0.667067 0.050481 0.093750
3 0.355769 0.449519 0.048077 0.086538
3 0.745192 0.772837 0.043269 0.103365
3 0.599760 0.545673 0.064904 0.105769
9 0.272837 0.157452 0.045673 0.093750
9 0.262019 0.338942 0.062500 0.096154
9 0.259615 0.441106 0.048077 0.093750
9 0.251202 0.663462 0.055288 0.115385
9 0.438702 0.563702 0.060096 0.103365
9 0.451923 0.795673 0.052885 0.105769
9 0.421875 0.248798 0.060096 0.088942
9 0.418269 0.090144 0.043269 0.088942
5 0.733173 0.087740 0.043269 0.112981
5 0.852163 0.784856 0.064904 0.122596
0 0.656250 0.086538 0.043269 0.129808
0 0.364183 0.545673 0.064904 0.144231
2 0.617788 0.334135 0.043269 0.139423
2 0.650240 0.658654 0.060096 0.144231
4 0.715144 0.415865 0.050481 0.163462
1 0.775240 0.302885 0.074519 0.206731
11 0.201923 0.093750 0.048077 0.105769
11 0.343750 0.787260 0.067308 0.156250
6 0.180288 0.155048 0.067308 0.127404
6 0.133413 0.667067 0.055288 0.122596
8 0.161058 0.551683 0.076923 0.141827
8 0.347356 0.329327 0.064904 0.129808
7 0.159856 0.400240 0.079327 0.194712
10 0.280048 0.223558 0.069712 0.158654
