9 0.413462 0.087740 0.033654 0.098558
9 0.272837 0.165865 0.040865 0.096154
9 0.418269 0.245192 0.038462 0.100962
9 0.259615 0.336538 0.048077 0.100962
9 0.263221 0.436298 0.045673 0.108173
9 0.251202 0.664663 0.050481 0.112981
11 0.198317 0.087740 0.055288 0.108173
10 0.349760 0.149038 0.045673 0.158654
6 0.186298 0.151442 0.050481 0.134615
8 0.350962 0.325721 0.048077 0.132212
7 0.164663 0.405048 0.074519 0.194712
8 0.158654 0.546875 0.072115 0.127404
6 0.141827 0.663462 0.057692 0.134615
3 0.576923 0.174279 0.043269 0.098558
3 0.514423 0.262019 0.038462 0.096154
3 0.687500 0.344952 0.033654 0.108173
3 0.610577 0.536058 0.043269 0.105769
3 0.545673 0.662260 0.043269 0.103365
3 0.746394 0.781250 0.055288 0.110577
5 0.733173 0.084135 0.038462 0.115385
0 0.655048 0.081731 0.045673 0.129808
2 0.593750 0.334135 0.052885 0.134615
1 0.772837 0.300481 0.060096 0.201923
4 0.522837 0.421875 0.055288 0.170673
0 0.356971 0.540865 0.060096 0.144231
5 0.806490 0.528846 0.060096 0.125000
2 0.639423 0.655048 0.052885 0.127404
