3 0.421875 0.182692 0.055288 0.120192
3 0.681490 0.341346 0.055288 0.120192
3 0.609375 0.533654 0.055288 0.120192
3 0.546875 0.656250 0.055288 0.120192
9 0.271635 0.163462 0.052885 0.091346
9 0.257212 0.338942 0.052885 0.091346
9 0.348558 0.326923 0.052885 0.091346
9 0.355769 0.552885 0.052885 0.091346
5 0.578125 0.085337 0.060096 0.103365
0 0.516827 0.235577 0.062500 0.144231
2 0.240385 0.639423 0.100962 0.149038
2 0.439904 0.647837 0.076923 0.146635
1 0.768029 0.302885 0.084135 0.216346
11 0.192308 0.090144 0.048077 0.122596
6 0.447115 0.433894 0.062500 0.165865
8 0.253606 0.793269 0.117788 0.158654
10 0.343750 0.161058 0.081731 0.173077
7 0.169471 0.307692 0.079327 0.230769
