3 0.524038 0.063702 0.062500 0.112981
3 0.675481 0.227163 0.062500 0.112981
3 0.663462 0.140625 0.062500 0.112981
3 0.519231 0.301683 0.062500 0.112981
3 0.694712 0.402644 0.062500 0.112981
3 0.625000 0.506010 0.062500 0.112981
9 0.290865 0.054087 0.067308 0.098558
9 0.293269 0.210337 0.067308 0.098558
9 0.444712 0.301683 0.067308 0.098558
9 0.262019 0.614183 0.067308 0.098558
9 0.454327 0.731971 0.067308 0.098558
5 0.836538 0.735577 0.076923 0.139423
2 0.448317 0.395433 0.055288 0.141827
4 0.602163 0.290865 0.055288 0.182692
1 0.792067 0.377404 0.098558 0.216346
11 0.206731 0.057692 0.081731 0.110577
8 0.510817 0.139423 0.069712 0.134615
8 0.161058 0.604567 0.076923 0.151442
6 0.448317 0.604567 0.055288 0.141827
11 0.248798 0.743990 0.084135 0.132212
10 0.367788 0.298077 0.072115 0.182692
7 0.265625 0.375000 0.098558 0.201923
