9 0.270433 0.164663 0.045673 0.108173
9 0.262019 0.337740 0.043269 0.098558
9 0.257212 0.433894 0.057692 0.103365
9 0.358173 0.562500 0.048077 0.110577
3 0.421875 0.174279 0.040865 0.088942
3 0.685096 0.336538 0.052885 0.100962
3 0.608173 0.538462 0.057692 0.110577
3 0.543269 0.667067 0.067308 0.103365
3 0.745192 0.783654 0.072115 0.100962
11 0.194712 0.090144 0.052885 0.108173
6 0.187500 0.153846 0.052885 0.144231
6 0.358173 0.425481 0.043269 0.134615
10 0.349760 0.143029 0.045673 0.161058
7 0.163462 0.409856 0.076923 0.199519
8 0.234375 0.790865 0.069712 0.129808
5 0.573317 0.080529 0.045673 0.103365
5 0.507212 0.165865 0.048077 0.105769
0 0.610577 0.156250 0.043269 0.134615
2 0.442308 0.247596 0.043269 0.105769
2 0.444712 0.776442 0.076923 0.149038
1 0.775240 0.298077 0.050481 0.187500
