9 0.269231 0.164663 0.038462 0.084135
9 0.258413 0.335337 0.040865 0.103365
9 0.262019 0.437500 0.043269 0.120192
9 0.359375 0.561298 0.040865 0.093750
3 0.424279 0.181490 0.040865 0.103365
3 0.686298 0.340144 0.045673 0.103365
3 0.606971 0.542067 0.055288 0.103365
3 0.545673 0.665865 0.043269 0.100962
11 0.201923 0.086538 0.048077 0.100962
6 0.187500 0.157452 0.052885 0.132212
10 0.347356 0.147837 0.055288 0.165865
7 0.167067 0.305288 0.060096 0.197115
8 0.237981 0.787260 0.067308 0.132212
5 0.574519 0.080529 0.033654 0.112981
0 0.604567 0.158654 0.050481 0.139423
1 0.766827 0.300481 0.072115 0.192308
5 0.509615 0.348558 0.072115 0.139423
2 0.356971 0.433894 0.050481 0.141827
2 0.247596 0.640625 0.062500 0.151442
