3 0.518029 0.068510 0.064904 0.112981
3 0.669471 0.138221 0.064904 0.112981
3 0.676683 0.229567 0.064904 0.112981
3 0.518029 0.299279 0.064904 0.112981
3 0.621394 0.498798 0.064904 0.112981
3 0.700721 0.409856 0.064904 0.112981
9 0.292067 0.061298 0.060096 0.112981
9 0.282452 0.219952 0.060096 0.112981
9 0.436298 0.292067 0.060096 0.112981
9 0.260817 0.621394 0.060096 0.112981
9 0.450721 0.734375 0.060096 0.112981
5 0.593750 0.061298 0.052885 0.112981
5 0.841346 0.735577 0.062500 0.125000
2 0.592548 0.132212 0.060096 0.134615
2 0.444712 0.396635 0.048077 0.134615
4 0.600962 0.296875 0.057692 0.165865
1 0.793269 0.362981 0.072115 0.201923
11 0.215144 0.057692 0.064904 0.110577
11 0.253606 0.750000 0.069712 0.144231
8 0.362981 0.193510 0.072115 0.137019
8 0.167067 0.609375 0.079327 0.156250
10 0.360577 0.304087 0.067308 0.175481
6 0.451923 0.602163 0.081731 0.161058
7 0.173077 0.368990 0.086538 0.218750
