9 0.418269 0.084135 0.043269 0.091346
9 0.270433 0.167067 0.031250 0.108173
9 0.259615 0.337740 0.043269 0.088942
9 0.254808 0.437500 0.057692 0.096154
9 0.254808 0.664663 0.057692 0.112981
3 0.491587 0.169471 0.040865 0.093750
3 0.518029 0.266827 0.045673 0.110577
3 0.687500 0.335337 0.048077 0.098558
3 0.606971 0.538462 0.040865 0.110577
3 0.544471 0.664663 0.040865 0.108173
3 0.746394 0.788462 0.064904 0.110577
11 0.200721 0.086538 0.045673 0.115385
6 0.188702 0.155048 0.055288 0.127404
6 0.355769 0.431490 0.048077 0.137019
10 0.353365 0.150240 0.052885 0.165865
8 0.433894 0.164663 0.040865 0.132212
8 0.233173 0.787260 0.067308 0.137019
7 0.163462 0.414663 0.067308 0.199519
5 0.575721 0.078125 0.040865 0.108173
0 0.604567 0.153846 0.036058 0.129808
2 0.608173 0.340144 0.048077 0.141827
2 0.448317 0.780048 0.069712 0.146635
5 0.527644 0.437500 0.055288 0.115385
1 0.775240 0.296875 0.050481 0.185096
