3 0.418269 0.185096 0.052885 0.100962
3 0.685096 0.342548 0.048077 0.112981
3 0.600962 0.540865 0.072115 0.134615
3 0.542067 0.663462 0.045673 0.115385
9 0.275240 0.162260 0.045673 0.108173
9 0.254808 0.332933 0.057692 0.112981
9 0.352163 0.326923 0.060096 0.134615
9 0.362981 0.561298 0.062500 0.141827
5 0.575721 0.082933 0.055288 0.117788
0 0.510817 0.236779 0.050481 0.141827
2 0.248798 0.641827 0.060096 0.153846
1 0.763221 0.300481 0.074519 0.201923
11 0.433894 0.079327 0.064904 0.110577
6 0.438702 0.437500 0.064904 0.158654
8 0.456731 0.644231 0.062500 0.163462
7 0.167067 0.307692 0.069712 0.192308
10 0.349760 0.146635 0.060096 0.163462
