9 0.413462 0.085337 0.033654 0.088942
9 0.272837 0.167067 0.045673 0.098558
9 0.259615 0.337740 0.048077 0.088942
9 0.260817 0.437500 0.050481 0.100962
9 0.355769 0.562500 0.052885 0.100962
3 0.421875 0.180288 0.040865 0.091346
3 0.495192 0.167067 0.033654 0.088942
3 0.686298 0.342548 0.045673 0.098558
3 0.745192 0.781250 0.062500 0.100962
3 0.543269 0.665865 0.052885 0.110577
3 0.604567 0.538462 0.055288 0.096154
11 0.194712 0.081731 0.052885 0.105769
6 0.185096 0.147837 0.052885 0.132212
6 0.358173 0.430288 0.048077 0.134615
10 0.342548 0.152644 0.060096 0.175481
7 0.159856 0.407452 0.064904 0.185096
8 0.233173 0.790865 0.067308 0.134615
2 0.444712 0.778846 0.057692 0.134615
2 0.439904 0.250000 0.043269 0.110577
5 0.518029 0.241587 0.040865 0.117788
5 0.572115 0.080529 0.048077 0.108173
0 0.604567 0.161058 0.040865 0.144231
1 0.770433 0.306490 0.040865 0.199519
