3 0.653846 0.092548 0.052885 0.098558
3 0.661058 0.179087 0.052885 0.098558
3 0.682692 0.265625 0.052885 0.098558
3 0.685096 0.344952 0.052885 0.098558
3 0.694712 0.424279 0.052885 0.098558
3 0.706731 0.549279 0.052885 0.098558
3 0.725962 0.640625 0.052885 0.098558
3 0.742788 0.782452 0.052885 0.098558
9 0.265625 0.094952 0.050481 0.088942
9 0.270433 0.169471 0.050481 0.088942
9 0.258413 0.253606 0.050481 0.088942
9 0.256010 0.332933 0.050481 0.088942
9 0.252404 0.435096 0.062500 0.096154
9 0.427885 0.557692 0.052885 0.096154
9 0.245192 0.663462 0.052885 0.096154
9 0.240385 0.805288 0.052885 0.096154
5 0.727163 0.078125 0.060096 0.108173
5 0.847356 0.786058 0.069712 0.120192
0 0.743990 0.156250 0.064904 0.125000
0 0.825721 0.656250 0.069712 0.139423
2 0.769231 0.246394 0.062500 0.117788
2 0.816106 0.542067 0.079327 0.132212
4 0.798077 0.399038 0.062500 0.173077
1 0.771635 0.296875 0.067308 0.194712
11 0.192308 0.091346 0.067308 0.120192
11 0.126202 0.806490 0.084135 0.146635
6 0.182692 0.146635 0.076923 0.125000
6 0.133413 0.657452 0.093750 0.137019
8 0.173077 0.241587 0.062500 0.112981
8 0.163462 0.548077 0.086538 0.144231
10 0.180288 0.325721 0.072115 0.170673
7 0.164663 0.405048 0.074519 0.189904
