9 0.413462 0.087740 0.043269 0.098558
9 0.270433 0.164663 0.045673 0.093750
9 0.423077 0.245192 0.062500 0.110577
9 0.259615 0.335337 0.057692 0.093750
9 0.262019 0.437500 0.048077 0.100962
9 0.250000 0.667067 0.048077 0.112981
3 0.580529 0.176683 0.040865 0.108173
3 0.519231 0.266827 0.048077 0.110577
3 0.689904 0.340144 0.038462 0.103365
3 0.610577 0.540865 0.062500 0.110577
3 0.544471 0.669471 0.055288 0.108173
3 0.742788 0.776442 0.057692 0.100962
5 0.730769 0.087740 0.048077 0.088942
5 0.849760 0.783654 0.064904 0.120192
0 0.658654 0.080529 0.038462 0.132212
0 0.360577 0.543269 0.043269 0.149038
4 0.521635 0.420673 0.052885 0.158654
1 0.769231 0.305288 0.062500 0.197115
2 0.600962 0.332933 0.048077 0.127404
2 0.639423 0.656250 0.052885 0.129808
11 0.197115 0.087740 0.057692 0.108173
6 0.183894 0.157452 0.055288 0.132212
6 0.140625 0.663462 0.050481 0.139423
8 0.353365 0.329327 0.048077 0.129808
8 0.159856 0.544471 0.060096 0.137019
7 0.163462 0.405048 0.081731 0.189904
10 0.346154 0.149038 0.048077 0.149038
