3 0.662260 0.060096 0.045673 0.100962
3 0.667067 0.141827 0.045673 0.100962
3 0.679087 0.223558 0.045673 0.100962
3 0.681490 0.305288 0.045673 0.100962
3 0.698317 0.399038 0.045673 0.100962
3 0.710337 0.507212 0.045673 0.100962
3 0.727163 0.612981 0.045673 0.100962
3 0.741587 0.737981 0.045673 0.100962
9 0.283654 0.054087 0.052885 0.098558
9 0.283654 0.133413 0.052885 0.098558
9 0.283654 0.224760 0.052885 0.098558
9 0.274038 0.308894 0.052885 0.098558
9 0.271635 0.407452 0.052885 0.098558
9 0.262019 0.506010 0.052885 0.098558
9 0.262019 0.614183 0.052885 0.098558
9 0.254808 0.736779 0.052885 0.098558
5 0.743990 0.061298 0.055288 0.108173
5 0.840144 0.734375 0.064904 0.117788
2 0.750000 0.133413 0.052885 0.112981
2 0.826923 0.609375 0.072115 0.141827
0 0.763221 0.216346 0.050481 0.139423
0 0.802885 0.496394 0.072115 0.137019
4 0.788462 0.293269 0.057692 0.158654
1 0.794471 0.370192 0.064904 0.177885
11 0.204327 0.051683 0.067308 0.098558
11 0.135817 0.747596 0.088942 0.139423
8 0.194712 0.126202 0.062500 0.112981
8 0.152644 0.617788 0.084135 0.120192
6 0.187500 0.195913 0.072115 0.132212
6 0.159856 0.490385 0.064904 0.139423
10 0.186298 0.281250 0.069712 0.168269
7 0.170673 0.362981 0.081731 0.197115
