3 0.522837 0.067308 0.055288 0.120192
3 0.669471 0.134615 0.055288 0.120192
3 0.676683 0.218750 0.055288 0.120192
3 0.522837 0.302885 0.055288 0.120192
3 0.698317 0.401442 0.055288 0.120192
3 0.621394 0.500000 0.055288 0.120192
9 0.287260 0.211538 0.050481 0.110577
9 0.287260 0.062500 0.050481 0.110577
9 0.436298 0.293269 0.050481 0.110577
9 0.263221 0.615385 0.050481 0.110577
9 0.448317 0.735577 0.050481 0.110577
5 0.834135 0.734375 0.076923 0.165865
4 0.596154 0.299279 0.062500 0.185096
1 0.813702 0.487981 0.079327 0.201923
11 0.206731 0.057692 0.076923 0.110577
11 0.253606 0.737981 0.074519 0.129808
10 0.360577 0.294471 0.062500 0.189904
7 0.270433 0.376202 0.088942 0.209135
8 0.163462 0.597356 0.067308 0.151442
6 0.443510 0.602163 0.079327 0.146635
2 0.444712 0.399038 0.062500 0.139423
8 0.508413 0.140625 0.064904 0.141827
