3 0.680288 0.259615 0.072115 0.125000
3 0.509615 0.324519 0.072115 0.125000
3 0.629808 0.540865 0.072115 0.125000
9 0.271635 0.085337 0.067308 0.108173
9 0.355769 0.182692 0.067308 0.120192
9 0.420673 0.336538 0.067308 0.120192
9 0.252404 0.668269 0.067308 0.120192
5 0.843750 0.782452 0.076923 0.141827
4 0.600962 0.324519 0.081731 0.163462
1 0.728365 0.641827 0.086538 0.206731
2 0.271635 0.542067 0.086538 0.146635
11 0.180288 0.256010 0.081731 0.137019
11 0.647837 0.772837 0.060096 0.127404
7 0.259615 0.417067 0.076923 0.194712
