3 0.661058 0.062500 0.057692 0.096154
3 0.668269 0.141827 0.057692 0.096154
3 0.682692 0.225962 0.057692 0.096154
3 0.514423 0.298077 0.057692 0.096154
3 0.697115 0.396635 0.057692 0.096154
3 0.711538 0.502404 0.057692 0.096154
3 0.625000 0.608173 0.057692 0.096154
3 0.641827 0.735577 0.057692 0.096154
9 0.274038 0.133413 0.052885 0.098558
9 0.286058 0.224760 0.052885 0.098558
9 0.278846 0.311298 0.052885 0.098558
9 0.278846 0.412260 0.052885 0.098558
9 0.260817 0.508413 0.060096 0.093750
9 0.264423 0.611779 0.052885 0.098558
9 0.451923 0.734375 0.052885 0.098558
5 0.743990 0.066106 0.045673 0.117788
5 0.835337 0.730769 0.064904 0.125000
0 0.762019 0.206731 0.067308 0.139423
0 0.717548 0.618990 0.064904 0.137019
2 0.634615 0.481971 0.067308 0.127404
4 0.790865 0.289663 0.076923 0.170673
1 0.790865 0.372596 0.081731 0.211538
11 0.209135 0.058894 0.067308 0.108173
11 0.258413 0.742788 0.093750 0.134615
8 0.356971 0.200721 0.088942 0.151442
8 0.163462 0.605769 0.072115 0.153846
6 0.199519 0.201923 0.067308 0.134615
6 0.158654 0.487981 0.096154 0.129808
10 0.189904 0.280048 0.081731 0.165865
7 0.181490 0.360577 0.084135 0.197115
