3 0.594952 0.348558 0.069712 0.115385
3 0.424279 0.538462 0.069712 0.115385
3 0.539663 0.656250 0.069712 0.115385
9 0.278846 0.167067 0.052885 0.098558
9 0.257212 0.337740 0.052885 0.098558
9 0.353365 0.561298 0.052885 0.098558
5 0.275240 0.068510 0.060096 0.122596
2 0.349760 0.414663 0.055288 0.127404
1 0.776442 0.295673 0.067308 0.201923
11 0.435096 0.340144 0.067308 0.108173
6 0.447115 0.430288 0.062500 0.139423
8 0.454327 0.650240 0.072115 0.141827
7 0.163462 0.306490 0.062500 0.199519
10 0.350962 0.155048 0.081731 0.170673
