3 0.693510 0.229567 0.050481 0.117788
3 0.532452 0.299279 0.050481 0.117788
3 0.640625 0.503606 0.050481 0.117788
9 0.308894 0.050481 0.050481 0.096154
9 0.308894 0.203125 0.050481 0.098558
9 0.455529 0.292067 0.050481 0.098558
9 0.275240 0.599760 0.050481 0.098558
5 0.853365 0.739183 0.057692 0.146635
2 0.460337 0.384615 0.055288 0.134615
4 0.618990 0.290865 0.060096 0.182692
1 0.737981 0.592548 0.072115 0.213942
11 0.229567 0.045673 0.064904 0.086538
11 0.656250 0.719952 0.076923 0.141827
8 0.534856 0.129808 0.064904 0.153846
10 0.379808 0.282452 0.072115 0.180288
7 0.286058 0.362981 0.086538 0.206731
