3 0.685096 0.343750 0.057692 0.105769
3 0.608173 0.533654 0.057692 0.105769
3 0.543269 0.663462 0.057692 0.105769
9 0.270433 0.165865 0.055288 0.105769
9 0.265625 0.341346 0.064904 0.115385
9 0.359375 0.557692 0.064904 0.115385
9 0.431490 0.324519 0.064904 0.115385
5 0.271635 0.069712 0.072115 0.129808
2 0.241587 0.638221 0.074519 0.156250
0 0.520433 0.228365 0.060096 0.139423
1 0.772837 0.300481 0.074519 0.192308
11 0.429087 0.164663 0.064904 0.132212
6 0.441106 0.435096 0.055288 0.144231
8 0.454327 0.643029 0.072115 0.161058
10 0.350962 0.144231 0.052885 0.173077
7 0.164663 0.304087 0.074519 0.204327
