11 0.229567 0.049279 0.074519 0.093750
11 0.657452 0.727163 0.074519 0.127404
9 0.308894 0.050481 0.050481 0.096154
9 0.308894 0.205529 0.050481 0.108173
9 0.456731 0.296875 0.033654 0.098558
9 0.270433 0.596154 0.045673 0.120192
3 0.644231 0.509615 0.057692 0.110577
3 0.716346 0.407452 0.052885 0.122596
3 0.543269 0.292067 0.048077 0.103365
3 0.704327 0.231971 0.038462 0.112981
8 0.537260 0.125000 0.060096 0.129808
10 0.379808 0.287260 0.057692 0.175481
7 0.286058 0.365385 0.072115 0.201923
2 0.466346 0.388221 0.048077 0.132212
4 0.625000 0.293269 0.057692 0.168269
1 0.746394 0.590144 0.064904 0.204327
5 0.856971 0.745192 0.074519 0.129808
