3 0.518029 0.069712 0.045673 0.120192
3 0.664663 0.132212 0.045673 0.120192
3 0.679087 0.225962 0.045673 0.120192
3 0.520433 0.302885 0.045673 0.105769
3 0.698317 0.399038 0.045673 0.105769
3 0.621394 0.502404 0.045673 0.105769
9 0.287260 0.057692 0.050481 0.105769
9 0.284856 0.213942 0.050481 0.105769
9 0.441106 0.300481 0.050481 0.105769
9 0.260817 0.610577 0.050481 0.105769
9 0.448317 0.737981 0.050481 0.105769
5 0.590144 0.063702 0.050481 0.108173
5 0.830529 0.728365 0.079327 0.149038
2 0.590144 0.135817 0.050481 0.132212
4 0.598558 0.300481 0.057692 0.173077
1 0.788462 0.379808 0.067308 0.216346
11 0.203125 0.056490 0.069712 0.108173
11 0.258413 0.741587 0.088942 0.137019
8 0.367788 0.191106 0.062500 0.137019
8 0.167067 0.603365 0.069712 0.149038
6 0.163462 0.485577 0.062500 0.149038
10 0.370192 0.294471 0.062500 0.180288
7 0.174279 0.358173 0.079327 0.201923
2 0.448317 0.395433 0.060096 0.141827
