9 0.290865 0.057692 0.043269 0.100962
9 0.286058 0.218750 0.057692 0.100962
9 0.438702 0.294471 0.036058 0.079327
9 0.274038 0.403846 0.057692 0.096154
9 0.266827 0.516827 0.048077 0.091346
9 0.264423 0.616587 0.062500 0.112981
9 0.447115 0.737981 0.062500 0.105769
3 0.524038 0.066106 0.038462 0.093750
3 0.667067 0.138221 0.036058 0.084135
3 0.681490 0.225962 0.031250 0.096154
3 0.522837 0.304087 0.036058 0.108173
3 0.709135 0.400240 0.038462 0.103365
3 0.716346 0.500000 0.038462 0.105769
3 0.646635 0.740385 0.038462 0.091346
5 0.593750 0.063702 0.038462 0.112981
5 0.837740 0.740385 0.050481 0.129808
2 0.598558 0.131010 0.043269 0.122596
2 0.441106 0.390625 0.060096 0.137019
4 0.603365 0.293269 0.048077 0.158654
1 0.793269 0.365385 0.052885 0.187500
0 0.722356 0.616587 0.064904 0.137019
11 0.209135 0.054087 0.052885 0.103365
11 0.263221 0.742788 0.055288 0.129808
8 0.367788 0.191106 0.048077 0.137019
8 0.171875 0.603365 0.060096 0.129808
6 0.165865 0.491587 0.067308 0.132212
10 0.365385 0.294471 0.052885 0.175481
7 0.174279 0.366587 0.074519 0.204327
