9 0.522837 0.066106 0.050481 0.117788
9 0.667067 0.133413 0.050481 0.117788
9 0.676683 0.222356 0.050481 0.117788
9 0.520433 0.304087 0.050481 0.117788
9 0.698317 0.405048 0.050481 0.117788
9 0.717548 0.503606 0.050481 0.117788
9 0.616587 0.611779 0.050481 0.117788
9 0.645433 0.736779 0.050481 0.117788
9 0.283654 0.052885 0.048077 0.091346
9 0.430288 0.137019 0.048077 0.091346
9 0.283654 0.221154 0.048077 0.091346
9 0.437500 0.298077 0.048077 0.091346
9 0.271635 0.408654 0.048077 0.091346
9 0.264423 0.512019 0.048077 0.091346
9 0.263221 0.611779 0.055288 0.098558
9 0.449519 0.734375 0.067308 0.103365
5 0.590144 0.064904 0.055288 0.115385
5 0.843750 0.731971 0.076923 0.137019
0 0.757212 0.204327 0.052885 0.129808
0 0.722356 0.611779 0.074519 0.137019
2 0.450721 0.399038 0.060096 0.144231
2 0.591346 0.137019 0.057692 0.134615
4 0.789663 0.298077 0.060096 0.158654
1 0.790865 0.371394 0.081731 0.199519
11 0.207933 0.056490 0.060096 0.103365
11 0.253606 0.735577 0.064904 0.125000
6 0.358173 0.050481 0.043269 0.096154
6 0.157452 0.479567 0.074519 0.151442
8 0.367788 0.199519 0.057692 0.144231
8 0.157452 0.604567 0.084135 0.141827
10 0.187500 0.272837 0.081731 0.185096
7 0.167067 0.365385 0.079327 0.206731
