9 0.415865 0.080529 0.048077 0.098558
9 0.275240 0.168269 0.036058 0.100962
9 0.418269 0.246394 0.048077 0.108173
9 0.265625 0.337740 0.050481 0.088942
9 0.260817 0.436298 0.060096 0.103365
9 0.250000 0.668269 0.057692 0.105769
3 0.495192 0.170673 0.033654 0.096154
3 0.518029 0.258413 0.045673 0.093750
3 0.689904 0.347356 0.043269 0.108173
3 0.614183 0.538462 0.045673 0.100962
3 0.543269 0.667067 0.048077 0.108173
3 0.741587 0.778846 0.069712 0.096154
5 0.733173 0.085337 0.052885 0.103365
5 0.806490 0.527644 0.060096 0.127404
0 0.603365 0.163462 0.033654 0.139423
0 0.366587 0.542067 0.045673 0.127404
2 0.600962 0.335337 0.033654 0.137019
2 0.646635 0.653846 0.043269 0.134615
1 0.770433 0.294471 0.050481 0.204327
4 0.522837 0.426683 0.050481 0.175481
8 0.350962 0.318510 0.048077 0.108173
8 0.231971 0.787260 0.060096 0.137019
11 0.198317 0.092548 0.050481 0.108173
6 0.187500 0.157452 0.057692 0.117788
6 0.359375 0.426683 0.050481 0.117788
10 0.348558 0.147837 0.043269 0.165865
7 0.159856 0.409856 0.069712 0.199519
