3 0.522837 0.062500 0.050481 0.100962
3 0.664663 0.143029 0.040865 0.103365
3 0.686298 0.229567 0.050481 0.093750
3 0.697115 0.399038 0.052885 0.115385
3 0.622596 0.504808 0.062500 0.120192
3 0.519231 0.300481 0.062500 0.120192
9 0.284856 0.060096 0.060096 0.110577
9 0.284856 0.211538 0.060096 0.110577
9 0.436298 0.300481 0.060096 0.110577
9 0.263221 0.612981 0.060096 0.110577
9 0.453125 0.735577 0.060096 0.110577
11 0.209135 0.054087 0.062500 0.103365
11 0.254808 0.741587 0.062500 0.137019
5 0.590144 0.062500 0.045673 0.110577
5 0.840144 0.731971 0.069712 0.127404
7 0.173077 0.367788 0.072115 0.201923
10 0.362981 0.294471 0.062500 0.170673
8 0.365385 0.197115 0.067308 0.144231
8 0.164663 0.604567 0.074519 0.141827
6 0.258413 0.382212 0.064904 0.139423
2 0.593750 0.131010 0.043269 0.122596
2 0.445913 0.399038 0.064904 0.144231
4 0.598558 0.289663 0.043269 0.161058
1 0.794471 0.372596 0.069712 0.192308
