3 0.683894 0.349760 0.064904 0.127404
3 0.609375 0.534856 0.064904 0.127404
3 0.544471 0.655048 0.064904 0.127404
9 0.274038 0.162260 0.067308 0.103365
9 0.262019 0.328125 0.067308 0.103365
9 0.348558 0.325721 0.067308 0.103365
9 0.358173 0.561298 0.067308 0.103365
5 0.271635 0.073317 0.076923 0.112981
0 0.512019 0.228365 0.052885 0.153846
2 0.242788 0.634615 0.057692 0.149038
1 0.769231 0.307692 0.086538 0.211538
11 0.424279 0.158654 0.050481 0.120192
6 0.441106 0.430288 0.069712 0.144231
8 0.449519 0.652644 0.072115 0.161058
10 0.348558 0.149038 0.048077 0.158654
7 0.167067 0.314904 0.069712 0.192308
