3 0.679087 0.257212 0.069712 0.115385
3 0.515625 0.336538 0.069712 0.115385
3 0.616587 0.548077 0.069712 0.115385
9 0.271635 0.091346 0.072115 0.110577
9 0.346154 0.177885 0.072115 0.110577
9 0.425481 0.338942 0.072115 0.110577
9 0.247596 0.670673 0.072115 0.110577
5 0.844952 0.778846 0.084135 0.134615
4 0.596154 0.330529 0.057692 0.170673
2 0.444712 0.429087 0.067308 0.132212
1 0.724760 0.640625 0.084135 0.204327
11 0.176683 0.248798 0.079327 0.137019
11 0.650240 0.776442 0.064904 0.129808
10 0.354567 0.330529 0.074519 0.175481
7 0.259615 0.424279 0.076923 0.228365
