9 0.275240 0.092548 0.055288 0.103365
9 0.360577 0.181490 0.048077 0.093750
9 0.435096 0.342548 0.052885 0.098558
9 0.257212 0.668269 0.072115 0.125000
3 0.520433 0.332933 0.045673 0.117788
3 0.676683 0.254808 0.045673 0.100962
3 0.628606 0.546875 0.050481 0.117788
4 0.603365 0.324519 0.052885 0.163462
1 0.731971 0.631010 0.064904 0.199519
5 0.849760 0.776442 0.069712 0.134615
2 0.269231 0.545673 0.067308 0.139423
11 0.176683 0.250000 0.055288 0.125000
11 0.651442 0.768029 0.062500 0.132212
7 0.358173 0.403846 0.062500 0.201923
