3 0.500000 0.169471 0.057692 0.098558
3 0.682692 0.338942 0.057692 0.091346
3 0.418269 0.185096 0.057692 0.091346
3 0.615385 0.533654 0.057692 0.091346
3 0.540865 0.663462 0.057692 0.091346
3 0.745192 0.786058 0.057692 0.091346
9 0.417067 0.086538 0.064904 0.110577
9 0.280048 0.163462 0.064904 0.110577
9 0.258413 0.326923 0.064904 0.110577
9 0.260817 0.432692 0.064904 0.110577
9 0.361779 0.564904 0.064904 0.110577
5 0.575721 0.078125 0.055288 0.112981
5 0.525240 0.437500 0.079327 0.144231
2 0.439904 0.778846 0.091346 0.139423
2 0.441106 0.242788 0.060096 0.120192
0 0.600962 0.159856 0.062500 0.141827
1 0.781250 0.293269 0.072115 0.211538
11 0.195913 0.087740 0.060096 0.108173
6 0.183894 0.149038 0.055288 0.134615
6 0.359375 0.427885 0.064904 0.129808
8 0.236779 0.792067 0.088942 0.151442
10 0.346154 0.158654 0.057692 0.187500
7 0.163462 0.411058 0.086538 0.211538
