9 0.286058 0.055288 0.038462 0.086538
9 0.286058 0.137019 0.043269 0.091346
9 0.283654 0.222356 0.038462 0.093750
9 0.278846 0.311298 0.043269 0.098558
9 0.276442 0.411058 0.048077 0.100962
9 0.266827 0.513221 0.038462 0.098558
9 0.264423 0.616587 0.048077 0.117788
9 0.258413 0.742788 0.055288 0.115385
11 0.143029 0.747596 0.060096 0.144231
11 0.211538 0.050481 0.048077 0.096154
8 0.210337 0.126202 0.055288 0.117788
8 0.167067 0.608173 0.064904 0.129808
6 0.162260 0.490385 0.060096 0.129808
6 0.197115 0.201923 0.048077 0.125000
10 0.188702 0.278846 0.064904 0.158654
7 0.174279 0.364183 0.064904 0.189904
3 0.742788 0.733173 0.057692 0.105769
3 0.729567 0.617788 0.055288 0.105769
3 0.712740 0.508413 0.050481 0.093750
3 0.700721 0.405048 0.055288 0.093750
3 0.688702 0.305288 0.045673 0.091346
3 0.680288 0.228365 0.052885 0.091346
3 0.668269 0.145433 0.043269 0.093750
3 0.664663 0.064904 0.026442 0.086538
5 0.742788 0.063702 0.038462 0.098558
5 0.844952 0.734375 0.050481 0.122596
2 0.828125 0.609375 0.050481 0.117788
2 0.743990 0.137019 0.045673 0.105769
0 0.756010 0.211538 0.040865 0.125000
0 0.812500 0.492788 0.052885 0.125000
1 0.788462 0.367788 0.062500 0.173077
4 0.782452 0.290865 0.060096 0.158654
