3 0.419471 0.183894 0.050481 0.098558
3 0.682692 0.347356 0.048077 0.117788
3 0.604567 0.542067 0.060096 0.122596
3 0.545673 0.663462 0.067308 0.115385
9 0.269231 0.168269 0.052885 0.105769
9 0.258413 0.341346 0.055288 0.105769
9 0.259615 0.435096 0.067308 0.110577
9 0.355769 0.558894 0.052885 0.108173
5 0.578125 0.090144 0.060096 0.137019
0 0.510817 0.237981 0.050481 0.168269
1 0.770433 0.300481 0.074519 0.201923
5 0.350962 0.336538 0.048077 0.115385
2 0.349760 0.441106 0.060096 0.137019
2 0.242788 0.644231 0.081731 0.163462
11 0.198317 0.087740 0.060096 0.117788
10 0.348558 0.150240 0.057692 0.175481
7 0.164663 0.304087 0.084135 0.199519
6 0.443510 0.427885 0.064904 0.129808
8 0.234375 0.790865 0.079327 0.149038
