3 0.417067 0.179087 0.050481 0.098558
3 0.688702 0.340144 0.045673 0.112981
3 0.758413 0.787260 0.079327 0.103365
3 0.542067 0.667067 0.079327 0.146635
3 0.620192 0.546875 0.076923 0.122596
9 0.278846 0.168269 0.057692 0.100962
9 0.265625 0.342548 0.050481 0.108173
9 0.257212 0.438702 0.062500 0.127404
9 0.367788 0.567308 0.076923 0.115385
5 0.579327 0.079327 0.038462 0.096154
5 0.516827 0.344952 0.048077 0.117788
0 0.599760 0.163462 0.045673 0.134615
2 0.353365 0.435096 0.052885 0.163462
2 0.246394 0.637019 0.074519 0.158654
1 0.770433 0.299279 0.064904 0.189904
11 0.198317 0.088942 0.050481 0.105769
6 0.182692 0.147837 0.052885 0.137019
8 0.231971 0.782452 0.074519 0.170673
10 0.350962 0.153846 0.062500 0.177885
7 0.171875 0.308894 0.064904 0.180288
