3 0.662260 0.097356 0.050481 0.093750
3 0.582933 0.176683 0.045673 0.093750
3 0.514423 0.256010 0.043269 0.079327
3 0.691106 0.343750 0.040865 0.100962
3 0.531250 0.438702 0.033654 0.098558
3 0.608173 0.543269 0.048077 0.100962
3 0.539663 0.668269 0.045673 0.105769
3 0.746394 0.778846 0.045673 0.110577
9 0.270433 0.092548 0.040865 0.098558
9 0.423077 0.252404 0.057692 0.120192
9 0.260817 0.336538 0.045673 0.091346
9 0.258413 0.436298 0.050481 0.103365
9 0.240385 0.661058 0.057692 0.100962
9 0.425481 0.563702 0.057692 0.108173
9 0.445913 0.789663 0.050481 0.117788
5 0.729567 0.085337 0.045673 0.103365
5 0.850962 0.781250 0.052885 0.129808
0 0.743990 0.151442 0.040865 0.134615
2 0.612981 0.346154 0.043269 0.153846
2 0.811298 0.545673 0.064904 0.144231
4 0.715144 0.413462 0.040865 0.158654
1 0.780048 0.304087 0.074519 0.194712
11 0.192308 0.088942 0.057692 0.091346
11 0.340144 0.778846 0.069712 0.139423
6 0.188702 0.152644 0.050481 0.137019
6 0.137019 0.669471 0.057692 0.122596
8 0.348558 0.328125 0.062500 0.141827
8 0.163462 0.546875 0.067308 0.132212
7 0.165865 0.402644 0.072115 0.180288
10 0.277644 0.221154 0.084135 0.173077
0 0.521635 0.334135 0.052885 0.125000
