9 0.412260 0.087740 0.055288 0.093750
9 0.423077 0.240385 0.043269 0.115385
9 0.258413 0.336538 0.064904 0.081731
9 0.265625 0.433894 0.060096 0.108173
9 0.248798 0.661058 0.060096 0.100962
9 0.278846 0.158654 0.048077 0.096154
3 0.579327 0.170673 0.052885 0.115385
3 0.515625 0.265625 0.045673 0.108173
3 0.683894 0.341346 0.045673 0.110577
3 0.605769 0.537260 0.052885 0.122596
3 0.540865 0.663462 0.062500 0.105769
3 0.743990 0.781250 0.069712 0.110577
5 0.735577 0.087740 0.048077 0.108173
5 0.846154 0.782452 0.062500 0.141827
0 0.656250 0.080529 0.043269 0.132212
0 0.354567 0.539663 0.055288 0.141827
2 0.597356 0.335337 0.064904 0.141827
2 0.640625 0.663462 0.064904 0.149038
4 0.527644 0.421875 0.064904 0.189904
1 0.776442 0.302885 0.081731 0.206731
11 0.201923 0.091346 0.067308 0.120192
6 0.183894 0.152644 0.050481 0.141827
6 0.145433 0.664663 0.064904 0.146635
8 0.346154 0.328125 0.067308 0.151442
8 0.157452 0.545673 0.074519 0.144231
10 0.272837 0.217548 0.069712 0.161058
7 0.163462 0.409856 0.081731 0.199519
