3 0.423077 0.179087 0.057692 0.112981
3 0.485577 0.179087 0.057692 0.112981
3 0.682692 0.344952 0.057692 0.112981
3 0.612981 0.539663 0.057692 0.112981
3 0.540865 0.659856 0.057692 0.112981
3 0.745192 0.782452 0.057692 0.112981
9 0.409856 0.088942 0.060096 0.115385
9 0.275240 0.156250 0.060096 0.115385
9 0.265625 0.331731 0.060096 0.115385
9 0.256010 0.449519 0.060096 0.115385
9 0.347356 0.560096 0.060096 0.115385
5 0.575721 0.079327 0.045673 0.105769
5 0.520433 0.442308 0.069712 0.144231
2 0.599760 0.337740 0.064904 0.146635
2 0.439904 0.771635 0.072115 0.144231
0 0.611779 0.158654 0.060096 0.139423
1 0.774038 0.306490 0.072115 0.209135
11 0.195913 0.094952 0.064904 0.127404
6 0.185096 0.151442 0.076923 0.139423
6 0.358173 0.424279 0.072115 0.141827
8 0.231971 0.787260 0.098558 0.151442
10 0.346154 0.152644 0.067308 0.185096
7 0.168269 0.408654 0.076923 0.221154
