3 0.704327 0.229567 0.067308 0.117788
3 0.536058 0.299279 0.067308 0.117788
3 0.634615 0.496394 0.067308 0.117788
9 0.305288 0.050481 0.062500 0.096154
9 0.384615 0.133413 0.062500 0.098558
9 0.449519 0.289663 0.062500 0.098558
9 0.269231 0.599760 0.062500 0.098558
5 0.853365 0.739183 0.072115 0.132212
4 0.622596 0.296875 0.072115 0.185096
1 0.747596 0.604567 0.072115 0.233173
2 0.461538 0.391827 0.081731 0.153846
11 0.218750 0.198317 0.076923 0.132212
11 0.653846 0.713942 0.072115 0.139423
10 0.368990 0.286058 0.088942 0.163462
7 0.284856 0.361779 0.079327 0.204327
