9 0.287260 0.056490 0.040865 0.084135
9 0.288462 0.129808 0.043269 0.091346
9 0.288462 0.225962 0.038462 0.096154
9 0.282452 0.311298 0.055288 0.103365
9 0.278846 0.411058 0.062500 0.096154
9 0.263221 0.512019 0.045673 0.091346
9 0.269231 0.617788 0.048077 0.105769
9 0.256010 0.739183 0.060096 0.117788
3 0.663462 0.060096 0.038462 0.086538
3 0.664663 0.147837 0.050481 0.088942
3 0.683894 0.230769 0.045673 0.096154
3 0.686298 0.305288 0.050481 0.091346
3 0.705529 0.405048 0.036058 0.103365
3 0.712740 0.508413 0.036058 0.098558
3 0.728365 0.611779 0.052885 0.103365
3 0.742788 0.733173 0.057692 0.100962
5 0.745192 0.062500 0.038462 0.100962
5 0.838942 0.735577 0.076923 0.125000
2 0.747596 0.132212 0.057692 0.115385
2 0.829327 0.604567 0.057692 0.098558
0 0.772837 0.212740 0.040865 0.122596
0 0.806490 0.497596 0.050481 0.120192
4 0.786058 0.295673 0.033654 0.158654
1 0.793269 0.370192 0.052885 0.173077
11 0.213942 0.055288 0.048077 0.100962
11 0.143029 0.745192 0.060096 0.139423
8 0.197115 0.122596 0.057692 0.105769
8 0.158654 0.621394 0.057692 0.132212
6 0.195913 0.203125 0.064904 0.127404
6 0.159856 0.486779 0.074519 0.141827
10 0.192308 0.275240 0.062500 0.175481
7 0.179087 0.362981 0.069712 0.192308
