9 0.414663 0.084135 0.040865 0.096154
9 0.418269 0.242788 0.038462 0.081731
9 0.258413 0.341346 0.031250 0.105769
9 0.258413 0.439904 0.050481 0.105769
9 0.435096 0.558894 0.038462 0.108173
9 0.248798 0.667067 0.040865 0.098558
3 0.578125 0.171875 0.045673 0.098558
3 0.516827 0.260817 0.038462 0.098558
3 0.687500 0.340144 0.043269 0.093750
3 0.612981 0.537260 0.043269 0.098558
3 0.538462 0.667067 0.048077 0.103365
3 0.747596 0.778846 0.052885 0.105769
9 0.272837 0.156250 0.045673 0.096154
11 0.198317 0.087740 0.055288 0.112981
6 0.185096 0.153846 0.043269 0.125000
6 0.141827 0.663462 0.062500 0.139423
8 0.163462 0.551683 0.062500 0.137019
8 0.355769 0.328125 0.057692 0.127404
7 0.170673 0.401442 0.067308 0.187500
10 0.280048 0.221154 0.050481 0.158654
3 0.360577 0.450721 0.048077 0.098558
0 0.364183 0.536058 0.050481 0.144231
0 0.653846 0.085337 0.057692 0.132212
5 0.737981 0.082933 0.052885 0.122596
5 0.848558 0.775240 0.062500 0.146635
2 0.611779 0.341346 0.040865 0.129808
2 0.641827 0.651442 0.062500 0.139423
4 0.520433 0.420673 0.040865 0.158654
1 0.776442 0.302885 0.052885 0.192308
