9 0.413462 0.085337 0.043269 0.093750
9 0.276442 0.164663 0.043269 0.108173
9 0.420673 0.246394 0.038462 0.103365
9 0.258413 0.330529 0.050481 0.098558
9 0.254808 0.437500 0.062500 0.100962
9 0.248798 0.668269 0.050481 0.105769
3 0.747596 0.784856 0.043269 0.093750
3 0.543269 0.668269 0.048077 0.115385
3 0.608173 0.537260 0.038462 0.103365
3 0.685096 0.341346 0.048077 0.091346
3 0.516827 0.268029 0.038462 0.098558
3 0.579327 0.180288 0.033654 0.096154
11 0.195913 0.085337 0.050481 0.103365
6 0.185096 0.147837 0.048077 0.127404
10 0.346154 0.150240 0.043269 0.170673
8 0.350962 0.326923 0.057692 0.125000
7 0.163462 0.406250 0.067308 0.187500
6 0.143029 0.663462 0.069712 0.144231
8 0.234375 0.786058 0.060096 0.139423
0 0.656250 0.082933 0.043269 0.127404
0 0.361779 0.540865 0.055288 0.139423
2 0.638221 0.653846 0.040865 0.139423
2 0.598558 0.332933 0.052885 0.127404
5 0.734375 0.082933 0.045673 0.117788
5 0.805288 0.528846 0.043269 0.115385
1 0.771635 0.304087 0.057692 0.185096
4 0.522837 0.420673 0.050481 0.158654
