3 0.520433 0.064904 0.060096 0.125000
3 0.681490 0.221154 0.060096 0.125000
3 0.513221 0.302885 0.060096 0.125000
3 0.703125 0.391827 0.060096 0.125000
3 0.623798 0.495192 0.060096 0.125000
9 0.282452 0.057692 0.064904 0.105769
9 0.292067 0.206731 0.064904 0.105769
9 0.429087 0.298077 0.064904 0.105769
9 0.258413 0.610577 0.064904 0.105769
9 0.445913 0.730769 0.064904 0.105769
5 0.847356 0.737981 0.064904 0.129808
2 0.455529 0.391827 0.060096 0.139423
4 0.596154 0.298077 0.072115 0.187500
1 0.807692 0.487981 0.086538 0.201923
11 0.205529 0.060096 0.060096 0.115385
11 0.248798 0.741587 0.079327 0.122596
8 0.498798 0.133413 0.079327 0.132212
8 0.164663 0.608173 0.074519 0.139423
6 0.450721 0.606971 0.079327 0.146635
10 0.361779 0.294471 0.069712 0.189904
7 0.265625 0.376202 0.084135 0.218750
