3 0.361779 0.058894 0.050481 0.108173
3 0.520433 0.302885 0.055288 0.100962
3 0.677885 0.235577 0.057692 0.115385
3 0.701923 0.405048 0.062500 0.103365
3 0.628606 0.507212 0.050481 0.120192
9 0.284856 0.062500 0.050481 0.110577
9 0.288462 0.217548 0.043269 0.108173
9 0.432692 0.300481 0.043269 0.096154
9 0.268029 0.617788 0.060096 0.105769
4 0.602163 0.293269 0.055288 0.177885
1 0.814904 0.491587 0.062500 0.199519
2 0.445913 0.396635 0.050481 0.125000
5 0.837740 0.736779 0.064904 0.132212
11 0.209135 0.057692 0.057692 0.110577
11 0.650240 0.722356 0.064904 0.151442
8 0.510817 0.137019 0.055288 0.153846
10 0.360577 0.298077 0.062500 0.177885
7 0.270433 0.378606 0.074519 0.204327
8 0.356971 0.495192 0.060096 0.149038
6 0.442308 0.600962 0.057692 0.144231
