9 0.276442 0.162260 0.048077 0.098558
9 0.262019 0.342548 0.062500 0.103365
9 0.355769 0.326923 0.052885 0.110577
9 0.364183 0.558894 0.055288 0.108173
3 0.426683 0.177885 0.036058 0.105769
3 0.683894 0.343750 0.060096 0.110577
3 0.610577 0.546875 0.052885 0.122596
3 0.542067 0.664663 0.060096 0.122596
11 0.193510 0.093750 0.064904 0.110577
10 0.349760 0.150240 0.060096 0.161058
7 0.158654 0.300481 0.067308 0.201923
6 0.447115 0.432692 0.057692 0.144231
8 0.240385 0.790865 0.072115 0.153846
5 0.575721 0.079327 0.055288 0.115385
0 0.514423 0.237981 0.048077 0.149038
2 0.354567 0.433894 0.069712 0.132212
2 0.245192 0.639423 0.076923 0.149038
1 0.780048 0.300481 0.050481 0.197115
