3 0.663462 0.062500 0.062500 0.105769
3 0.663462 0.151442 0.062500 0.105769
3 0.682692 0.228365 0.062500 0.105769
3 0.687500 0.312500 0.062500 0.105769
3 0.701923 0.394231 0.062500 0.105769
3 0.704327 0.509615 0.062500 0.105769
3 0.721154 0.622596 0.062500 0.105769
3 0.740385 0.728365 0.062500 0.105769
9 0.287260 0.128606 0.055288 0.093750
9 0.287260 0.049279 0.055288 0.093750
9 0.282452 0.229567 0.055288 0.093750
9 0.280048 0.304087 0.055288 0.093750
9 0.277644 0.405048 0.055288 0.093750
9 0.265625 0.508413 0.055288 0.093750
9 0.260817 0.611779 0.055288 0.093750
9 0.248798 0.727163 0.055288 0.093750
5 0.737981 0.060096 0.076923 0.100962
5 0.838942 0.730769 0.076923 0.134615
2 0.742788 0.131010 0.062500 0.122596
2 0.828125 0.614183 0.060096 0.112981
0 0.757212 0.207933 0.052885 0.137019
0 0.811298 0.501202 0.050481 0.137019
4 0.787260 0.293269 0.069712 0.144231
1 0.795673 0.364183 0.081731 0.189904
11 0.206731 0.048077 0.057692 0.091346
11 0.140625 0.751202 0.084135 0.151442
8 0.207933 0.120192 0.069712 0.125000
8 0.165865 0.599760 0.076923 0.137019
6 0.192308 0.199519 0.067308 0.144231
6 0.167067 0.492788 0.079327 0.153846
10 0.182692 0.280048 0.067308 0.165865
7 0.180288 0.365385 0.091346 0.187500
