3 0.526442 0.066106 0.043269 0.108173
3 0.680288 0.222356 0.043269 0.108173
3 0.516827 0.301683 0.043269 0.108173
3 0.697115 0.405048 0.043269 0.108173
3 0.625000 0.508413 0.043269 0.108173
9 0.286058 0.057692 0.038462 0.105769
9 0.283654 0.213942 0.038462 0.105769
9 0.435096 0.298077 0.038462 0.105769
9 0.262019 0.612981 0.043269 0.110577
9 0.449519 0.735577 0.043269 0.110577
5 0.838942 0.730769 0.062500 0.125000
2 0.445913 0.394231 0.040865 0.120192
4 0.598558 0.295673 0.048077 0.182692
1 0.807692 0.487981 0.072115 0.187500
11 0.211538 0.052885 0.052885 0.096154
11 0.248798 0.745192 0.069712 0.129808
8 0.509615 0.135817 0.057692 0.127404
8 0.359375 0.496394 0.069712 0.137019
6 0.450721 0.605769 0.079327 0.149038
10 0.361779 0.294471 0.064904 0.185096
7 0.266827 0.371394 0.072115 0.194712
