3 0.491587 0.171875 0.050481 0.108173
3 0.683894 0.337740 0.050481 0.108173
3 0.513221 0.256010 0.050481 0.108173
3 0.606971 0.539663 0.050481 0.108173
3 0.549279 0.664663 0.050481 0.108173
3 0.743990 0.780048 0.050481 0.108173
9 0.412260 0.087740 0.055288 0.093750
9 0.268029 0.159856 0.055288 0.093750
9 0.417067 0.243990 0.055288 0.093750
9 0.253606 0.335337 0.055288 0.093750
9 0.256010 0.438702 0.055288 0.093750
9 0.248798 0.659856 0.055288 0.093750
5 0.572115 0.076923 0.062500 0.096154
5 0.788462 0.438702 0.043269 0.122596
0 0.596154 0.156250 0.052885 0.144231
0 0.364183 0.540865 0.060096 0.144231
2 0.597356 0.340144 0.069712 0.132212
2 0.444712 0.782452 0.076923 0.141827
4 0.513221 0.420673 0.055288 0.182692
1 0.764423 0.296875 0.076923 0.194712
11 0.192308 0.085337 0.081731 0.122596
6 0.181490 0.147837 0.069712 0.141827
6 0.361779 0.431490 0.069712 0.132212
8 0.349760 0.317308 0.074519 0.120192
8 0.241587 0.782452 0.084135 0.156250
10 0.343750 0.149038 0.086538 0.173077
7 0.153846 0.407452 0.081731 0.218750
