3 0.661058 0.063702 0.052885 0.108173
3 0.668269 0.138221 0.052885 0.108173
3 0.675481 0.231971 0.052885 0.108173
3 0.516827 0.296875 0.052885 0.108173
3 0.697115 0.400240 0.052885 0.108173
3 0.709135 0.496394 0.052885 0.108173
3 0.615385 0.609375 0.052885 0.108173
3 0.646635 0.741587 0.052885 0.108173
9 0.288462 0.057692 0.048077 0.105769
9 0.283654 0.129808 0.048077 0.105769
9 0.281250 0.221154 0.048077 0.105769
9 0.278846 0.302885 0.048077 0.105769
9 0.274038 0.406250 0.048077 0.105769
9 0.266827 0.507212 0.048077 0.105769
9 0.262019 0.610577 0.048077 0.105769
9 0.454327 0.735577 0.048077 0.105769
5 0.740385 0.069712 0.052885 0.129808
5 0.834135 0.733173 0.072115 0.120192
0 0.756010 0.200721 0.060096 0.141827
0 0.704327 0.620192 0.062500 0.158654
2 0.592548 0.138221 0.060096 0.141827
2 0.448317 0.384615 0.050481 0.149038
4 0.789663 0.286058 0.074519 0.158654
1 0.789663 0.372596 0.074519 0.201923
11 0.209135 0.060096 0.067308 0.115385
11 0.251202 0.736779 0.079327 0.127404
8 0.372596 0.197115 0.057692 0.120192
8 0.167067 0.602163 0.064904 0.132212
6 0.189904 0.197115 0.067308 0.134615
6 0.162260 0.481971 0.074519 0.151442
10 0.192308 0.283654 0.086538 0.173077
7 0.171875 0.365385 0.079327 0.197115
