3 0.510817 0.096154 0.050481 0.110577
3 0.578125 0.170673 0.050481 0.110577
3 0.520433 0.264423 0.050481 0.110577
3 0.688702 0.348558 0.050481 0.110577
3 0.359375 0.449519 0.050481 0.110577
3 0.602163 0.545673 0.050481 0.110577
3 0.544471 0.670673 0.050481 0.110577
3 0.741587 0.783654 0.050481 0.110577
9 0.277644 0.159856 0.045673 0.098558
9 0.414663 0.246394 0.045673 0.098558
9 0.258413 0.337740 0.045673 0.098558
9 0.260817 0.441106 0.045673 0.098558
9 0.242788 0.665865 0.052885 0.110577
9 0.431490 0.556490 0.045673 0.098558
5 0.734375 0.079327 0.060096 0.120192
5 0.846154 0.781250 0.086538 0.129808
0 0.651442 0.084135 0.062500 0.139423
0 0.358173 0.540865 0.062500 0.153846
2 0.612981 0.337740 0.048077 0.137019
2 0.643029 0.670673 0.079327 0.149038
4 0.527644 0.424279 0.064904 0.180288
1 0.768029 0.311298 0.064904 0.209135
11 0.195913 0.085337 0.060096 0.127404
6 0.180288 0.150240 0.057692 0.132212
6 0.141827 0.657452 0.086538 0.151442
8 0.352163 0.326923 0.064904 0.139423
8 0.161058 0.534856 0.081731 0.151442
10 0.277644 0.225962 0.069712 0.163462
7 0.162260 0.402644 0.093750 0.209135
