3 0.426683 0.187500 0.064904 0.110577
3 0.686298 0.343750 0.064904 0.110577
3 0.539663 0.668269 0.064904 0.110577
3 0.525240 0.807692 0.064904 0.110577
3 0.606971 0.540865 0.064904 0.110577
9 0.272837 0.170673 0.064904 0.105769
9 0.260817 0.336538 0.064904 0.105769
9 0.258413 0.432692 0.064904 0.105769
9 0.356971 0.567308 0.064904 0.105769
5 0.573317 0.076923 0.064904 0.115385
5 0.513221 0.341346 0.064904 0.115385
0 0.603365 0.181490 0.076923 0.189904
2 0.346154 0.439904 0.072115 0.144231
2 0.254808 0.639423 0.086538 0.153846
1 0.765625 0.304087 0.084135 0.185096
11 0.199519 0.079327 0.057692 0.110577
6 0.183894 0.150240 0.045673 0.132212
8 0.234375 0.796875 0.103365 0.141827
10 0.346154 0.152644 0.062500 0.185096
7 0.170673 0.310096 0.081731 0.211538
