3 0.423077 0.180288 0.062500 0.100962
3 0.682692 0.338942 0.062500 0.100962
3 0.610577 0.539663 0.057692 0.112981
3 0.543269 0.664663 0.057692 0.112981
3 0.745192 0.783654 0.062500 0.100962
9 0.275240 0.165865 0.050481 0.100962
9 0.258413 0.332933 0.055288 0.098558
9 0.256010 0.436298 0.055288 0.098558
9 0.354567 0.558894 0.055288 0.098558
5 0.568510 0.078125 0.060096 0.122596
5 0.507212 0.165865 0.057692 0.115385
0 0.602163 0.157452 0.055288 0.146635
2 0.246394 0.640625 0.074519 0.141827
2 0.433894 0.254808 0.060096 0.125000
1 0.765625 0.306490 0.069712 0.213942
11 0.192308 0.085337 0.062500 0.122596
6 0.185096 0.152644 0.057692 0.137019
6 0.352163 0.426683 0.074519 0.146635
8 0.228365 0.794471 0.110577 0.165865
10 0.343750 0.147837 0.067308 0.165865
7 0.159856 0.411058 0.093750 0.221154
