3 0.659856 0.058894 0.045673 0.093750
3 0.667067 0.145433 0.045673 0.093750
3 0.674279 0.227163 0.045673 0.093750
3 0.520433 0.299279 0.045673 0.093750
3 0.703125 0.400240 0.045673 0.093750
3 0.707933 0.498798 0.045673 0.093750
3 0.618990 0.614183 0.045673 0.093750
3 0.650240 0.736779 0.045673 0.093750
9 0.284856 0.060096 0.045673 0.100962
9 0.429087 0.132212 0.045673 0.100962
9 0.275240 0.221154 0.045673 0.100962
9 0.436298 0.300481 0.045673 0.100962
9 0.270433 0.411058 0.045673 0.100962
9 0.265625 0.509615 0.045673 0.100962
9 0.260817 0.620192 0.045673 0.100962
9 0.450721 0.730769 0.045673 0.100962
5 0.741587 0.063702 0.050481 0.108173
5 0.835337 0.731971 0.060096 0.127404
0 0.756010 0.217548 0.055288 0.141827
0 0.716346 0.609375 0.076923 0.141827
2 0.588942 0.131010 0.057692 0.127404
2 0.447115 0.391827 0.052885 0.139423
4 0.782452 0.296875 0.055288 0.170673
1 0.792067 0.370192 0.060096 0.187500
11 0.207933 0.058894 0.064904 0.112981
11 0.253606 0.741587 0.074519 0.127404
6 0.359375 0.051683 0.060096 0.098558
6 0.161058 0.489183 0.072115 0.137019
2 0.362981 0.195913 0.057692 0.127404
2 0.164663 0.602163 0.084135 0.141827
10 0.191106 0.281250 0.069712 0.177885
7 0.171875 0.364183 0.069712 0.189904
