3 0.492788 0.175481 0.043269 0.105769
3 0.682692 0.340144 0.052885 0.108173
3 0.514423 0.269231 0.043269 0.105769
3 0.606971 0.537260 0.050481 0.108173
3 0.543269 0.667067 0.048077 0.108173
3 0.741587 0.780048 0.050481 0.108173
9 0.411058 0.087740 0.048077 0.108173
9 0.274038 0.159856 0.048077 0.108173
9 0.257212 0.330529 0.048077 0.108173
9 0.257212 0.436298 0.048077 0.108173
9 0.250000 0.664663 0.048077 0.108173
5 0.570913 0.082933 0.050481 0.103365
5 0.787260 0.435096 0.060096 0.115385
0 0.605769 0.162260 0.052885 0.146635
0 0.352163 0.537260 0.055288 0.151442
2 0.597356 0.341346 0.060096 0.139423
2 0.436298 0.784856 0.074519 0.161058
1 0.765625 0.301683 0.074519 0.194712
11 0.193510 0.085337 0.060096 0.108173
6 0.181490 0.153846 0.055288 0.144231
6 0.356971 0.420673 0.064904 0.129808
8 0.353365 0.320913 0.076923 0.132212
8 0.237981 0.790865 0.081731 0.149038
7 0.151442 0.405048 0.081731 0.185096
10 0.347356 0.152644 0.074519 0.175481
