3 0.706731 0.227163 0.067308 0.112981
3 0.538462 0.292067 0.067308 0.112981
3 0.721154 0.397837 0.067308 0.112981
3 0.634615 0.506010 0.067308 0.112981
9 0.313702 0.052885 0.074519 0.100962
9 0.308894 0.200721 0.074519 0.103365
9 0.455529 0.289663 0.074519 0.103365
9 0.277644 0.604567 0.074519 0.103365
5 0.852163 0.739183 0.074519 0.141827
2 0.462740 0.388221 0.060096 0.132212
4 0.618990 0.293269 0.055288 0.187500
1 0.734375 0.596154 0.088942 0.206731
11 0.235577 0.046875 0.072115 0.088942
11 0.658654 0.727163 0.072115 0.146635
8 0.367788 0.490385 0.076923 0.144231
8 0.527644 0.132212 0.069712 0.134615
6 0.456731 0.599760 0.072115 0.151442
10 0.385817 0.278846 0.084135 0.173077
7 0.292067 0.362981 0.079327 0.192308
