3 0.663462 0.063702 0.052885 0.103365
3 0.665865 0.147837 0.052885 0.103365
3 0.685096 0.313702 0.052885 0.103365
3 0.675481 0.229567 0.052885 0.103365
3 0.701923 0.405048 0.052885 0.103365
3 0.709135 0.508413 0.052885 0.103365
3 0.740385 0.736779 0.052885 0.103365
3 0.725962 0.611779 0.052885 0.103365
9 0.287260 0.055288 0.060096 0.100962
9 0.282452 0.139423 0.060096 0.100962
9 0.282452 0.230769 0.060096 0.100962
9 0.280048 0.307692 0.060096 0.100962
9 0.277644 0.413462 0.060096 0.100962
9 0.268029 0.512019 0.060096 0.100962
9 0.260817 0.615385 0.060096 0.100962
9 0.251202 0.735577 0.060096 0.100962
5 0.742788 0.063702 0.057692 0.108173
5 0.843750 0.734375 0.062500 0.127404
2 0.743990 0.134615 0.064904 0.115385
2 0.824519 0.611779 0.067308 0.122596
0 0.758413 0.204327 0.060096 0.125000
0 0.807692 0.498798 0.057692 0.132212
4 0.784856 0.292067 0.050481 0.161058
1 0.793269 0.370192 0.067308 0.177885
11 0.211538 0.051683 0.067308 0.098558
11 0.146635 0.743990 0.076923 0.132212
8 0.210337 0.123798 0.069712 0.132212
8 0.163462 0.603365 0.076923 0.129808
6 0.193510 0.198317 0.055288 0.122596
6 0.161058 0.487981 0.072115 0.153846
10 0.192308 0.284856 0.091346 0.180288
7 0.174279 0.361779 0.084135 0.199519
