9 0.409856 0.086538 0.040865 0.105769
9 0.275240 0.165865 0.036058 0.100962
9 0.257212 0.336538 0.038462 0.096154
9 0.259615 0.432692 0.057692 0.100962
9 0.256010 0.661058 0.045673 0.105769
3 0.539663 0.677885 0.045673 0.120192
3 0.746394 0.780048 0.060096 0.108173
3 0.610577 0.543269 0.062500 0.115385
3 0.687500 0.340144 0.038462 0.103365
3 0.518029 0.262019 0.040865 0.100962
3 0.491587 0.175481 0.036058 0.105769
11 0.197115 0.085337 0.038462 0.103365
6 0.187500 0.147837 0.048077 0.127404
6 0.358173 0.425481 0.043269 0.110577
10 0.347356 0.149038 0.045673 0.158654
7 0.163462 0.405048 0.062500 0.185096
8 0.353365 0.318510 0.038462 0.108173
8 0.230769 0.784856 0.076923 0.122596
2 0.445913 0.782452 0.050481 0.141827
2 0.600962 0.334135 0.043269 0.129808
5 0.574519 0.075721 0.048077 0.103365
5 0.525240 0.447115 0.040865 0.129808
0 0.361779 0.540865 0.045673 0.134615
0 0.596154 0.159856 0.043269 0.141827
1 0.770433 0.302885 0.064904 0.192308
