3 0.656250 0.090144 0.052885 0.093750
3 0.661058 0.171875 0.052885 0.093750
3 0.675481 0.263221 0.052885 0.093750
3 0.682692 0.337740 0.052885 0.093750
3 0.701923 0.429087 0.052885 0.093750
3 0.697115 0.542067 0.052885 0.093750
3 0.728365 0.643029 0.052885 0.093750
3 0.747596 0.782452 0.052885 0.093750
9 0.270433 0.086538 0.060096 0.096154
9 0.270433 0.168269 0.060096 0.096154
9 0.265625 0.247596 0.060096 0.096154
9 0.253606 0.336538 0.060096 0.096154
9 0.253606 0.435096 0.060096 0.096154
9 0.251202 0.545673 0.060096 0.096154
9 0.241587 0.668269 0.060096 0.096154
9 0.239183 0.802885 0.060096 0.096154
5 0.727163 0.082933 0.050481 0.117788
5 0.843750 0.778846 0.076923 0.125000
0 0.743990 0.151442 0.055288 0.115385
0 0.828125 0.656250 0.060096 0.139423
2 0.768029 0.240385 0.055288 0.105769
2 0.820913 0.542067 0.074519 0.117788
1 0.771635 0.296875 0.057692 0.185096
4 0.793269 0.407452 0.072115 0.175481
11 0.194712 0.085337 0.043269 0.122596
11 0.134615 0.799279 0.086538 0.137019
6 0.181490 0.151442 0.064904 0.139423
6 0.138221 0.658654 0.074519 0.125000
8 0.173077 0.237981 0.072115 0.115385
8 0.164663 0.548077 0.069712 0.158654
10 0.174279 0.325721 0.069712 0.170673
7 0.157452 0.408654 0.088942 0.192308
