3 0.521635 0.064904 0.043269 0.096154
3 0.665865 0.132212 0.043269 0.096154
3 0.677885 0.223558 0.043269 0.096154
3 0.698317 0.401442 0.050481 0.110577
3 0.707933 0.507212 0.050481 0.100962
3 0.515625 0.300481 0.050481 0.096154
9 0.283654 0.056490 0.048077 0.098558
9 0.288462 0.217548 0.048077 0.098558
9 0.435096 0.299279 0.048077 0.098558
9 0.262019 0.615385 0.057692 0.110577
9 0.449519 0.730769 0.057692 0.110577
5 0.588942 0.064904 0.048077 0.105769
5 0.841346 0.730769 0.081731 0.129808
0 0.594952 0.132212 0.055288 0.125000
2 0.443510 0.394231 0.055288 0.139423
4 0.602163 0.294471 0.060096 0.175481
1 0.789663 0.376202 0.069712 0.199519
11 0.207933 0.057692 0.069712 0.110577
11 0.251202 0.741587 0.069712 0.122596
8 0.366587 0.198317 0.055288 0.132212
8 0.161058 0.608173 0.081731 0.134615
6 0.159856 0.489183 0.074519 0.146635
10 0.361779 0.292067 0.060096 0.170673
7 0.170673 0.364183 0.086538 0.209135
