3 0.700721 0.229567 0.074519 0.122596
3 0.542067 0.296875 0.074519 0.122596
3 0.724760 0.414663 0.074519 0.122596
3 0.647837 0.498798 0.074519 0.122596
9 0.311298 0.057692 0.079327 0.110577
9 0.308894 0.207933 0.079327 0.112981
9 0.462740 0.289663 0.079327 0.112981
9 0.270433 0.604567 0.079327 0.112981
5 0.848558 0.737981 0.086538 0.163462
2 0.465144 0.389423 0.064904 0.139423
4 0.621394 0.293269 0.060096 0.177885
1 0.730769 0.600962 0.096154 0.197115
11 0.228365 0.060096 0.067308 0.115385
8 0.532452 0.127404 0.074519 0.144231
8 0.462740 0.712740 0.069712 0.170673
11 0.656250 0.727163 0.081731 0.151442
6 0.451923 0.593750 0.081731 0.139423
10 0.381010 0.290865 0.079327 0.182692
7 0.284856 0.367788 0.064904 0.197115
