3 0.418269 0.176683 0.052885 0.103365
3 0.687500 0.335337 0.052885 0.103365
3 0.608173 0.542067 0.052885 0.103365
3 0.538462 0.657452 0.052885 0.103365
3 0.745192 0.780048 0.052885 0.103365
9 0.269231 0.161058 0.048077 0.110577
9 0.260817 0.336538 0.050481 0.096154
9 0.258413 0.435096 0.050481 0.096154
9 0.354567 0.562500 0.050481 0.096154
9 0.501202 0.161058 0.050481 0.096154
5 0.570913 0.081731 0.050481 0.115385
5 0.514423 0.241587 0.057692 0.117788
2 0.437500 0.252404 0.057692 0.125000
2 0.439904 0.774038 0.076923 0.149038
0 0.602163 0.165865 0.050481 0.149038
1 0.774038 0.307692 0.076923 0.206731
7 0.198317 0.091346 0.064904 0.105769
6 0.186298 0.151442 0.055288 0.134615
6 0.354567 0.419471 0.060096 0.146635
8 0.241587 0.787260 0.098558 0.161058
10 0.343750 0.150240 0.067308 0.161058
7 0.159856 0.409856 0.084135 0.204327
