3 0.521635 0.066106 0.048077 0.112981
3 0.663462 0.135817 0.048077 0.112981
3 0.673077 0.231971 0.048077 0.112981
3 0.519231 0.301683 0.048077 0.112981
3 0.697115 0.402644 0.048077 0.112981
3 0.711538 0.501202 0.048077 0.112981
3 0.644231 0.743990 0.048077 0.112981
9 0.281250 0.066106 0.067308 0.098558
9 0.278846 0.217548 0.067308 0.098558
9 0.427885 0.294471 0.067308 0.098558
9 0.264423 0.407452 0.067308 0.098558
9 0.262019 0.522837 0.067308 0.098558
9 0.264423 0.614183 0.067308 0.098558
9 0.449519 0.736779 0.067308 0.098558
5 0.590144 0.072115 0.060096 0.115385
5 0.836538 0.735577 0.072115 0.149038
2 0.591346 0.134615 0.062500 0.139423
2 0.445913 0.401442 0.064904 0.153846
0 0.716346 0.620192 0.067308 0.158654
4 0.602163 0.304087 0.060096 0.180288
1 0.796875 0.368990 0.074519 0.213942
11 0.197115 0.064904 0.076923 0.120192
11 0.256010 0.743990 0.093750 0.122596
8 0.371394 0.195913 0.074519 0.156250
8 0.170673 0.614183 0.067308 0.146635
6 0.161058 0.486779 0.067308 0.141827
10 0.182692 0.275240 0.081731 0.180288
7 0.168269 0.358173 0.096154 0.197115
