9 0.412260 0.085337 0.045673 0.098558
9 0.275240 0.161058 0.036058 0.091346
9 0.414663 0.252404 0.050481 0.115385
9 0.257212 0.336538 0.048077 0.091346
9 0.256010 0.439904 0.060096 0.100962
9 0.435096 0.560096 0.043269 0.100962
9 0.247596 0.668269 0.052885 0.100962
9 0.451923 0.790865 0.052885 0.100962
3 0.509615 0.087740 0.038462 0.088942
3 0.581731 0.173077 0.043269 0.100962
3 0.521635 0.262019 0.048077 0.100962
3 0.686298 0.343750 0.040865 0.100962
3 0.537260 0.444712 0.050481 0.110577
3 0.605769 0.546875 0.048077 0.103365
3 0.549279 0.669471 0.040865 0.103365
3 0.741587 0.780048 0.069712 0.098558
11 0.195913 0.088942 0.045673 0.105769
11 0.352163 0.771635 0.045673 0.129808
6 0.186298 0.151442 0.055288 0.129808
6 0.143029 0.663462 0.055288 0.120192
8 0.352163 0.326923 0.050481 0.134615
8 0.161058 0.545673 0.067308 0.129808
7 0.168269 0.401442 0.072115 0.182692
10 0.276442 0.218750 0.052885 0.153846
5 0.733173 0.084135 0.033654 0.105769
5 0.847356 0.782452 0.069712 0.122596
0 0.659856 0.084135 0.040865 0.139423
0 0.524038 0.337740 0.038462 0.122596
2 0.611779 0.337740 0.040865 0.132212
2 0.823317 0.549279 0.050481 0.137019
1 0.777644 0.300481 0.045673 0.197115
4 0.718750 0.413462 0.052885 0.158654
