3 0.655048 0.092548 0.055288 0.117788
3 0.683894 0.335337 0.055288 0.117788
3 0.580529 0.181490 0.055288 0.117788
3 0.510817 0.248798 0.055288 0.117788
3 0.530048 0.445913 0.055288 0.117788
3 0.599760 0.537260 0.055288 0.117788
3 0.546875 0.659856 0.055288 0.117788
3 0.746394 0.784856 0.055288 0.117788
9 0.271635 0.165865 0.052885 0.115385
9 0.411058 0.240385 0.052885 0.115385
9 0.252404 0.334135 0.052885 0.115385
9 0.259615 0.442308 0.052885 0.115385
9 0.242788 0.673077 0.052885 0.115385
9 0.427885 0.567308 0.052885 0.115385
9 0.451923 0.790865 0.052885 0.115385
5 0.729567 0.081731 0.055288 0.115385
5 0.844952 0.783654 0.079327 0.139423
2 0.606971 0.343750 0.050481 0.144231
2 0.814904 0.549279 0.067308 0.137019
0 0.751202 0.157452 0.050481 0.137019
0 0.516827 0.332933 0.052885 0.137019
4 0.706731 0.413462 0.057692 0.168269
1 0.772837 0.305288 0.069712 0.201923
11 0.197115 0.093750 0.057692 0.115385
11 0.342548 0.772837 0.079327 0.127404
8 0.355769 0.328125 0.057692 0.141827
8 0.158654 0.551683 0.076923 0.146635
6 0.182692 0.156250 0.062500 0.149038
6 0.137019 0.664663 0.072115 0.161058
10 0.277644 0.225962 0.060096 0.168269
7 0.158654 0.405048 0.076923 0.209135
