3 0.491587 0.177885 0.055288 0.110577
3 0.419471 0.185096 0.055288 0.110577
3 0.691106 0.338942 0.055288 0.110577
3 0.609375 0.536058 0.055288 0.110577
3 0.546875 0.661058 0.055288 0.110577
3 0.743990 0.783654 0.055288 0.110577
9 0.412260 0.088942 0.050481 0.096154
9 0.253606 0.331731 0.050481 0.096154
9 0.272837 0.168269 0.050481 0.096154
9 0.256010 0.435096 0.050481 0.096154
9 0.248798 0.665865 0.050481 0.096154
5 0.573317 0.081731 0.060096 0.100962
5 0.522837 0.441106 0.045673 0.117788
0 0.603365 0.158654 0.048077 0.129808
0 0.362981 0.546875 0.062500 0.156250
2 0.602163 0.331731 0.055288 0.149038
2 0.442308 0.775240 0.072115 0.141827
1 0.775240 0.301683 0.079327 0.194712
11 0.198317 0.088942 0.064904 0.115385
6 0.191106 0.149038 0.045673 0.134615
6 0.358173 0.429087 0.067308 0.127404
8 0.237981 0.790865 0.081731 0.129808
10 0.344952 0.152644 0.074519 0.175481
7 0.155048 0.403846 0.084135 0.211538
