3 0.520433 0.070913 0.060096 0.117788
3 0.518029 0.294471 0.060096 0.117788
3 0.679087 0.234375 0.060096 0.117788
3 0.698317 0.405048 0.060096 0.117788
3 0.621394 0.498798 0.060096 0.117788
9 0.288462 0.058894 0.052885 0.108173
9 0.283654 0.215144 0.052885 0.108173
9 0.435096 0.299279 0.052885 0.108173
9 0.257212 0.611779 0.052885 0.108173
5 0.841346 0.736779 0.072115 0.137019
2 0.448317 0.400240 0.060096 0.137019
4 0.600962 0.292067 0.057692 0.180288
1 0.812500 0.500000 0.072115 0.211538
11 0.209135 0.060096 0.072115 0.115385
11 0.643029 0.724760 0.084135 0.122596
8 0.514423 0.137019 0.067308 0.139423
8 0.356971 0.493990 0.060096 0.141827
6 0.442308 0.603365 0.067308 0.149038
10 0.359375 0.294471 0.064904 0.165865
7 0.270433 0.375000 0.074519 0.206731
